0,423
0,422
0,421
0,420
0,419
0,418
0,417
0,416
0,415
0,414
0,413
0,412
0,411
0,410
31,16
31,12
31,15
31,13
0,409
31,14
31,9
31,11
31,4
31,10
31,8
31,5
0,408
31,7
31,6
0,407
0,406
0,405
0,404
0,403
31,3
31,2
0,402
31,1
31,0
0,401
0,400
30,4
30,3
30,2
30,1
30,0
29,4
29,3
29,2
29,1
29,0
28,16
28,13
0,399
28,15
28,14
28,9
28,12
28,4
28,11
28,10
28,8
28,5
28,7
28,6
0,398
0,397
28,3
28,2
28,1
28,0
0,396
0,395
0,394
0,393
0,392
0,391
27,4
27,3
27,2
27,1
27,0
26,16
26,13
0,390
26,15
26,14
26,9
26,12
26,4
26,11
26,10
26,8
26,5
0,389
26,7
26,6
26,3
26,2
26,1
26,0
0,278
0,388
0,387
0,386
0,385
0,384
25,4
25,3
25,2
25,1
25,0
24,16
24,13
0,319
24,15
24,14
24,9
24,12
24,4
24,11
24,10
24,8
24,5
0,318
24,7
24,6
0,317
0,316
0,283
24,3
24,2
0,9
24,1
24,0
23,52
23,51
23,50
23,49
23,48
23,47
23,46
23,45
23,44
23,43
23,42
23,41
